12
1
0    0    0    0    0    0    0    0    0    0    0    0    
0    0    0    0    0    0    0    0    0    0    0    0    
0    0    32   0    0    0    0    0    0    0    0    0    
0    0    0    0    0    0    0    0    0    0    0    0    
0    0    0    0    0    0    0    0    0    0    0    0    
0    0    0    0    0    0    0    0    0    0    0    0    
0    0    0    0    0    0    0    0    0    0    0    0    
0    0    0    0    0    0    0    16   0    0    0    0    
0    0    1    1    1    0    1    0    1    0    0    0    
0    0    1    1    1    0    0    0    128  1    0    0    
0    0    1    0    0    2    0    0    1    16   4    0    
0    0    4    0    1    0    0    2    256  32   0    8 